0
0
0
0
0
0
0
0
0
0

0.062
0.062
0.068
0.067
0.063
0.064
0.06
0.065
0.062
0.06

1.401
0.064
0.06
0.624
0.542
0.52
0.065
0.062
0.067
1.299
0.065
0.369
2.084
0.751
0.35
0.637
0.153
0.062
0.627
0.058
0.061
0.06
0.856
1.391
1.581
1.472
0.068
0.16
0.869
0.68
0.581
0.065
1.631
0.067
0.062
0.825
1.387
1.645
1.386
0.32
0.063
0.426
0.638
0.274
0.177
0.067
0.064
0.062
0.409
0.058
0.067
0.068
0.058
1.559
0.068
0.065
0.062
0.068
0.069
0.06
0.07
1.489
1.82
0.973
1.42
0.066
0.208
0.065
1.443
0.062
0.059
0.619
0.067
0.058
2.777
0.06
0.062
0.064
0.061
0.058
0.558
0.774
1.742
0.893
2.041
0.06
0.066
0.067
2.127
0.676
0.057
0.371
0.094
1.47
0.063
0.063
0.16
0.066
0.062
0.07
