0
0
0
0
0
0
0
0
0
0

4.492
4.309
4.301
4.338
4.509
4.392
4.322
4.423
4.321
4.337

0.416
0.242
0.177
0.741
0.546
0.357
0.602
0.222
0.759
0.255
0.232
0.214
0.623
0.435
0.494
0.206
1.396
0.175
0.496
0.316
0.427
0.181
0.607
0.55
0.32
0.452
1.668
0.34
0.335
0.253
0.192
0.731
0.246
0.553
0.286
0.111
0.801
0.274
0.629
0.17
0.228
0.792
0.573
0.488
0.567
0.275
0.836
0.232
0.375
0.128
0.183
0.226
0.234
0.523
0.266
0.671
0.619
0.495
0.171
0.458
0.463
0.265
0.922
0.514
0.161
0.29
1.125
0.365
0.356
0.178
0.264
0.458
0.252
0.47
0.361
0.35
1.729
0.537
0.247
0.248
0.25
0.229
0.884
0.681
0.503
0.209
1.16
0.253
0.727
0.239
0.261
0.217
0.236
0.566
0.494
0.603
1.547
0.563
0.245
0.181
