0
0
0
0
0
0
0
0
0
0

5.259
5.022
4.991
5.070
5.132
5.058
4.977
4.994
5.000
4.857

2.392
1.399
2.221
2.008
1.939
2.034
1.245
0.889
1.391
2.242
0.921
1.208
3.309
1.894
1.579
1.461
2.153
0.865
1.788
1.077
1.201
0.889
2.103
3.231
2.608
2.592
2.322
1.069
1.822
1.603
1.440
1.282
2.648
1.253
0.951
2.191
2.877
2.424
2.562
1.147
0.947
1.673
1.862
1.384
1.516
1.001
1.582
0.920
1.508
0.781
0.922
0.986
0.864
2.720
1.653
1.441
1.397
1.220
1.656
1.185
1.127
2.322
3.252
2.041
2.107
0.970
1.981
1.112
2.458
1.002
0.886
1.723
2.152
1.176
3.814
1.077
2.445
1.185
1.389
0.910
1.870
1.463
3.328
2.237
3.125
0.784
1.919
0.951
3.493
1.585
0.969
1.216
1.032
3.074
1.136
1.366
2.300
1.360
0.945
0.873
