0
0
0
0
0
0
0
0
0
0

0.062
0.055
0.063
0.068
0.061
0.059
0.068
0.064
0.063
0.063

0.783
0.445
1.458
0.061
0.066
1.511
0.059
0.973
0.068
0.689
0.069
1.34
0.064
1.172
0.537
0.06
0.059
0.066
0.664
0.065
1.513
1.077
1.108
0.828
0.762
0.066
0.061
0.067
0.696
1.514
0.065
0.821
0.067
0.799
0.072
0.07
0.154
0.068
0.061
0.068
0.061
1.388
0.595
0.283
1.432
1.405
0.069
0.066
0.561
0.095
0.35
0.057
0.077
0.319
0.367
2.007
0.066
0.355
1.517
0.061
0.066
0.06
0.066
2.128
0.069
0.061
0.128
0.069
0.063
0.056
0.061
0.451
0.182
0.115
0.062
0.068
0.061
1.374
1.192
0.43
0.063
0.114
0.17
1.834
0.763
0.766
0.686
0.06
0.064
1.986
0.066
0.063
2.375
0.067
0.065
0.064
0.064
0.069
0.068
0.063
