0
0
0
0
0
0
0
0
0
0

4.201
3.986
4.324
4.433
4.739
4.74
4.8
4.518
4.426
3.719

0.543
0.472
0.752
0.441
0.275
0.12
1.425
0.544
0.688
0.47
0.155
0.183
0.262
0.508
0.287
0.202
0.415
0.216
0.18
0.314
0.382
0.435
0.459
0.6
0.366
0.183
1.108
0.315
0.118
0.182
0.496
0.443
0.291
0.679
0.49
0.334
1.33
0.154
1.02
0.209
0.457
0.572
0.664
0.729
0.576
0.375
1.321
0.311
0.446
0.378
0.544
0.308
0.476
0.62
0.244
0.596
1.188
0.546
0.666
0.139
0.231
0.757
0.339
0.761
0.178
0.172
0.938
0.237
0.746
0.254
0.238
0.29
0.713
0.2
0.594
0.48
1.074
0.419
0.594
0.225
0.209
0.503
0.243
0.442
0.639
0.422
0.52
0.232
0.323
0.571
0.26
0.466
0.168
0.572
0.545
0.363
1.123
0.346
0.671
0.148
