0
0
0
0
0
0
0
0
0
0

4.831
4.806
4.967
5.142
5.398
5.397
5.537
5.191
5.023
4.357

1.973
1.559
3.017
1.172
0.994
2.222
2.170
2.108
1.363
1.811
0.864
2.083
0.930
2.268
1.467
0.813
0.961
0.916
1.449
0.843
2.868
2.163
2.877
2.061
1.785
0.841
1.812
1.083
1.505
2.408
1.247
1.852
1.010
2.103
1.228
1.008
2.101
0.807
1.767
0.904
1.481
2.590
1.863
1.590
2.632
2.405
2.005
1.302
1.578
1.457
1.677
1.050
1.137
1.573
1.414
3.247
1.846
1.540
2.816
0.792
0.895
1.503
1.042
3.425
0.859
0.853
1.675
0.952
1.503
2.033
1.007
1.268
1.878
1.024
1.336
1.170
1.775
2.391
2.578
1.254
1.084
1.265
1.081
2.820
2.142
1.998
1.830
0.905
1.694
3.317
0.952
1.159
3.223
1.356
1.121
1.107
1.894
1.033
1.312
0.874
